0.000000 1.000000 0.000000 0.000000 0.000000 0.000000 0.000000 0.000000 0.000000 0.000000 0.000000 0.000000 
0.003344 0.966555 0.033445 0.000000 0.000000 0.000000 0.000000 0.000000 0.000000 0.000000 0.000000 0.000000 
0.006689 0.933110 0.066890 0.000000 0.000000 0.000000 0.000000 0.000000 0.000000 0.000000 0.000000 0.000000 
0.010033 0.899666 0.100334 0.000000 0.000000 0.000000 0.000000 0.000000 0.000000 0.000000 0.000000 0.000000 
0.013378 0.866221 0.133779 0.000000 0.000000 0.000000 0.000000 0.000000 0.000000 0.000000 0.000000 0.000000 
0.016722 0.832776 0.167224 0.000000 0.000000 0.000000 0.000000 0.000000 0.000000 0.000000 0.000000 0.000000 
0.020067 0.799331 0.200669 0.000000 0.000000 0.000000 0.000000 0.000000 0.000000 0.000000 0.000000 0.000000 
0.023411 0.765886 0.234114 0.000000 0.000000 0.000000 0.000000 0.000000 0.000000 0.000000 0.000000 0.000000 
0.026756 0.732441 0.267559 0.000000 0.000000 0.000000 0.000000 0.000000 0.000000 0.000000 0.000000 0.000000 
0.030100 0.698997 0.301003 0.000000 0.000000 0.000000 0.000000 0.000000 0.000000 0.000000 0.000000 0.000000 
0.033445 0.665552 0.334448 0.000000 0.000000 0.000000 0.000000 0.000000 0.000000 0.000000 0.000000 0.000000 
0.036789 0.632107 0.367893 0.000000 0.000000 0.000000 0.000000 0.000000 0.000000 0.000000 0.000000 0.000000 
0.040134 0.598662 0.401338 0.000000 0.000000 0.000000 0.000000 0.000000 0.000000 0.000000 0.000000 0.000000 
0.043478 0.565217 0.434783 0.000000 0.000000 0.000000 0.000000 0.000000 0.000000 0.000000 0.000000 0.000000 
0.046823 0.531773 0.468227 0.000000 0.000000 0.000000 0.000000 0.000000 0.000000 0.000000 0.000000 0.000000 
0.050167 0.498328 0.501672 0.000000 0.000000 0.000000 0.000000 0.000000 0.000000 0.000000 0.000000 0.000000 
0.053512 0.464883 0.535117 0.000000 0.000000 0.000000 0.000000 0.000000 0.000000 0.000000 0.000000 0.000000 
0.056856 0.431438 0.568562 0.000000 0.000000 0.000000 0.000000 0.000000 0.000000 0.000000 0.000000 0.000000 
0.060201 0.397993 0.602007 0.000000 0.000000 0.000000 0.000000 0.000000 0.000000 0.000000 0.000000 0.000000 
0.063545 0.364548 0.635452 0.000000 0.000000 0.000000 0.000000 0.000000 0.000000 0.000000 0.000000 0.000000 
0.066890 0.331104 0.668896 0.000000 0.000000 0.000000 0.000000 0.000000 0.000000 0.000000 0.000000 0.000000 
0.070234 0.297659 0.702341 0.000000 0.000000 0.000000 0.000000 0.000000 0.000000 0.000000 0.000000 0.000000 
0.073579 0.264214 0.735786 0.000000 0.000000 0.000000 0.000000 0.000000 0.000000 0.000000 0.000000 0.000000 
0.076923 0.230769 0.769231 0.000000 0.000000 0.000000 0.000000 0.000000 0.000000 0.000000 0.000000 0.000000 
0.080268 0.197324 0.802676 0.000000 0.000000 0.000000 0.000000 0.000000 0.000000 0.000000 0.000000 0.000000 
0.083612 0.163880 0.836120 0.000000 0.000000 0.000000 0.000000 0.000000 0.000000 0.000000 0.000000 0.000000 
0.086957 0.130435 0.869565 0.000000 0.000000 0.000000 0.000000 0.000000 0.000000 0.000000 0.000000 0.000000 
0.090301 0.096990 0.903010 0.000000 0.000000 0.000000 0.000000 0.000000 0.000000 0.000000 0.000000 0.000000 
0.093645 0.063545 0.936455 0.000000 0.000000 0.000000 0.000000 0.000000 0.000000 0.000000 0.000000 0.000000 
0.096990 0.030100 0.969900 0.000000 0.000000 0.000000 0.000000 0.000000 0.000000 0.000000 0.000000 0.000000 
0.100334 0.000000 0.996656 0.003344 0.000000 0.000000 0.000000 0.000000 0.000000 0.000000 0.000000 0.000000 
0.103679 0.000000 0.963211 0.036789 0.000000 0.000000 0.000000 0.000000 0.000000 0.000000 0.000000 0.000000 
0.107023 0.000000 0.929766 0.070234 0.000000 0.000000 0.000000 0.000000 0.000000 0.000000 0.000000 0.000000 
0.110368 0.000000 0.896321 0.103679 0.000000 0.000000 0.000000 0.000000 0.000000 0.000000 0.000000 0.000000 
0.113712 0.000000 0.862876 0.137124 0.000000 0.000000 0.000000 0.000000 0.000000 0.000000 0.000000 0.000000 
0.117057 0.000000 0.829431 0.170569 0.000000 0.000000 0.000000 0.000000 0.000000 0.000000 0.000000 0.000000 
0.120401 0.000000 0.795987 0.204013 0.000000 0.000000 0.000000 0.000000 0.000000 0.000000 0.000000 0.000000 
0.123746 0.000000 0.762542 0.237458 0.000000 0.000000 0.000000 0.000000 0.000000 0.000000 0.000000 0.000000 
0.127090 0.000000 0.729097 0.270903 0.000000 0.000000 0.000000 0.000000 0.000000 0.000000 0.000000 0.000000 
0.130435 0.000000 0.695652 0.304348 0.000000 0.000000 0.000000 0.000000 0.000000 0.000000 0.000000 0.000000 
0.133779 0.000000 0.662207 0.337793 0.000000 0.000000 0.000000 0.000000 0.000000 0.000000 0.000000 0.000000 
0.137124 0.000000 0.628763 0.371237 0.000000 0.000000 0.000000 0.000000 0.000000 0.000000 0.000000 0.000000 
0.140468 0.000000 0.595318 0.404682 0.000000 0.000000 0.000000 0.000000 0.000000 0.000000 0.000000 0.000000 
0.143813 0.000000 0.561873 0.438127 0.000000 0.000000 0.000000 0.000000 0.000000 0.000000 0.000000 0.000000 
0.147157 0.000000 0.528428 0.471572 0.000000 0.000000 0.000000 0.000000 0.000000 0.000000 0.000000 0.000000 
0.150502 0.000000 0.494983 0.505017 0.000000 0.000000 0.000000 0.000000 0.000000 0.000000 0.000000 0.000000 
0.153846 0.000000 0.461538 0.538462 0.000000 0.000000 0.000000 0.000000 0.000000 0.000000 0.000000 0.000000 
0.157191 0.000000 0.428094 0.571906 0.000000 0.000000 0.000000 0.000000 0.000000 0.000000 0.000000 0.000000 
0.160535 0.000000 0.394649 0.605351 0.000000 0.000000 0.000000 0.000000 0.000000 0.000000 0.000000 0.000000 
0.163880 0.000000 0.361204 0.638796 0.000000 0.000000 0.000000 0.000000 0.000000 0.000000 0.000000 0.000000 
0.167224 0.000000 0.327759 0.672241 0.000000 0.000000 0.000000 0.000000 0.000000 0.000000 0.000000 0.000000 
0.170569 0.000000 0.294314 0.705686 0.000000 0.000000 0.000000 0.000000 0.000000 0.000000 0.000000 0.000000 
0.173913 0.000000 0.260870 0.739130 0.000000 0.000000 0.000000 0.000000 0.000000 0.000000 0.000000 0.000000 
0.177258 0.000000 0.227425 0.772575 0.000000 0.000000 0.000000 0.000000 0.000000 0.000000 0.000000 0.000000 
0.180602 0.000000 0.193980 0.806020 0.000000 0.000000 0.000000 0.000000 0.000000 0.000000 0.000000 0.000000 
0.183946 0.000000 0.160535 0.839465 0.000000 0.000000 0.000000 0.000000 0.000000 0.000000 0.000000 0.000000 
0.187291 0.000000 0.127090 0.872910 0.000000 0.000000 0.000000 0.000000 0.000000 0.000000 0.000000 0.000000 
0.190635 0.000000 0.093645 0.906355 0.000000 0.000000 0.000000 0.000000 0.000000 0.000000 0.000000 0.000000 
0.193980 0.000000 0.060201 0.939799 0.000000 0.000000 0.000000 0.000000 0.000000 0.000000 0.000000 0.000000 
0.197324 0.000000 0.026756 0.973244 0.000000 0.000000 0.000000 0.000000 0.000000 0.000000 0.000000 0.000000 
0.200669 0.000000 0.000000 0.993311 0.006689 0.000000 0.000000 0.000000 0.000000 0.000000 0.000000 0.000000 
0.204013 0.000000 0.000000 0.959866 0.040134 0.000000 0.000000 0.000000 0.000000 0.000000 0.000000 0.000000 
0.207358 0.000000 0.000000 0.926421 0.073579 0.000000 0.000000 0.000000 0.000000 0.000000 0.000000 0.000000 
0.210702 0.000000 0.000000 0.892977 0.107023 0.000000 0.000000 0.000000 0.000000 0.000000 0.000000 0.000000 
0.214047 0.000000 0.000000 0.859532 0.140468 0.000000 0.000000 0.000000 0.000000 0.000000 0.000000 0.000000 
0.217391 0.000000 0.000000 0.826087 0.173913 0.000000 0.000000 0.000000 0.000000 0.000000 0.000000 0.000000 
0.220736 0.000000 0.000000 0.792642 0.207358 0.000000 0.000000 0.000000 0.000000 0.000000 0.000000 0.000000 
0.224080 0.000000 0.000000 0.759197 0.240803 0.000000 0.000000 0.000000 0.000000 0.000000 0.000000 0.000000 
0.227425 0.000000 0.000000 0.725753 0.274247 0.000000 0.000000 0.000000 0.000000 0.000000 0.000000 0.000000 
0.230769 0.000000 0.000000 0.692308 0.307692 0.000000 0.000000 0.000000 0.000000 0.000000 0.000000 0.000000 
0.234114 0.000000 0.000000 0.658863 0.341137 0.000000 0.000000 0.000000 0.000000 0.000000 0.000000 0.000000 
0.237458 0.000000 0.000000 0.625418 0.374582 0.000000 0.000000 0.000000 0.000000 0.000000 0.000000 0.000000 
0.240803 0.000000 0.000000 0.591973 0.408027 0.000000 0.000000 0.000000 0.000000 0.000000 0.000000 0.000000 
0.244147 0.000000 0.000000 0.558528 0.441472 0.000000 0.000000 0.000000 0.000000 0.000000 0.000000 0.000000 
0.247492 0.000000 0.000000 0.525084 0.474916 0.000000 0.000000 0.000000 0.000000 0.000000 0.000000 0.000000 
0.250836 0.000000 0.000000 0.491639 0.508361 0.000000 0.000000 0.000000 0.000000 0.000000 0.000000 0.000000 
0.254181 0.000000 0.000000 0.458194 0.541806 0.000000 0.000000 0.000000 0.000000 0.000000 0.000000 0.000000 
0.257525 0.000000 0.000000 0.424749 0.575251 0.000000 0.000000 0.000000 0.000000 0.000000 0.000000 0.000000 
0.260870 0.000000 0.000000 0.391304 0.608696 0.000000 0.000000 0.000000 0.000000 0.000000 0.000000 0.000000 
0.264214 0.000000 0.000000 0.357860 0.642140 0.000000 0.000000 0.000000 0.000000 0.000000 0.000000 0.000000 
0.267559 0.000000 0.000000 0.324415 0.675585 0.000000 0.000000 0.000000 0.000000 0.000000 0.000000 0.000000 
0.270903 0.000000 0.000000 0.290970 0.709030 0.000000 0.000000 0.000000 0.000000 0.000000 0.000000 0.000000 
0.274247 0.000000 0.000000 0.257525 0.742475 0.000000 0.000000 0.000000 0.000000 0.000000 0.000000 0.000000 
0.277592 0.000000 0.000000 0.224080 0.775920 0.000000 0.000000 0.000000 0.000000 0.000000 0.000000 0.000000 
0.280936 0.000000 0.000000 0.190635 0.809365 0.000000 0.000000 0.000000 0.000000 0.000000 0.000000 0.000000 
0.284281 0.000000 0.000000 0.157191 0.842809 0.000000 0.000000 0.000000 0.000000 0.000000 0.000000 0.000000 
0.287625 0.000000 0.000000 0.123746 0.876254 0.000000 0.000000 0.000000 0.000000 0.000000 0.000000 0.000000 
0.290970 0.000000 0.000000 0.090301 0.909699 0.000000 0.000000 0.000000 0.000000 0.000000 0.000000 0.000000 
0.294314 0.000000 0.000000 0.056856 0.943144 0.000000 0.000000 0.000000 0.000000 0.000000 0.000000 0.000000 
0.297659 0.000000 0.000000 0.023411 0.976589 0.000000 0.000000 0.000000 0.000000 0.000000 0.000000 0.000000 
0.301003 0.000000 0.000000 0.000000 0.989967 0.010033 0.000000 0.000000 0.000000 0.000000 0.000000 0.000000 
0.304348 0.000000 0.000000 0.000000 0.956522 0.043478 0.000000 0.000000 0.000000 0.000000 0.000000 0.000000 
0.307692 0.000000 0.000000 0.000000 0.923077 0.076923 0.000000 0.000000 0.000000 0.000000 0.000000 0.000000 
0.311037 0.000000 0.000000 0.000000 0.889632 0.110368 0.000000 0.000000 0.000000 0.000000 0.000000 0.000000 
0.314381 0.000000 0.000000 0.000000 0.856187 0.143813 0.000000 0.000000 0.000000 0.000000 0.000000 0.000000 
0.317726 0.000000 0.000000 0.000000 0.822742 0.177258 0.000000 0.000000 0.000000 0.000000 0.000000 0.000000 
0.321070 0.000000 0.000000 0.000000 0.789298 0.210702 0.000000 0.000000 0.000000 0.000000 0.000000 0.000000 
0.324415 0.000000 0.000000 0.000000 0.755853 0.244147 0.000000 0.000000 0.000000 0.000000 0.000000 0.000000 
0.327759 0.000000 0.000000 0.000000 0.722408 0.277592 0.000000 0.000000 0.000000 0.000000 0.000000 0.000000 
0.331104 0.000000 0.000000 0.000000 0.688963 0.311037 0.000000 0.000000 0.000000 0.000000 0.000000 0.000000 
0.334448 0.000000 0.000000 0.000000 0.655518 0.344482 0.000000 0.000000 0.000000 0.000000 0.000000 0.000000 
0.337793 0.000000 0.000000 0.000000 0.622074 0.377926 0.000000 0.000000 0.000000 0.000000 0.000000 0.000000 
0.341137 0.000000 0.000000 0.000000 0.588629 0.411371 0.000000 0.000000 0.000000 0.000000 0.000000 0.000000 
0.344482 0.000000 0.000000 0.000000 0.555184 0.444816 0.000000 0.000000 0.000000 0.000000 0.000000 0.000000 
0.347826 0.000000 0.000000 0.000000 0.521739 0.478261 0.000000 0.000000 0.000000 0.000000 0.000000 0.000000 
0.351171 0.000000 0.000000 0.000000 0.488294 0.511706 0.000000 0.000000 0.000000 0.000000 0.000000 0.000000 
0.354515 0.000000 0.000000 0.000000 0.454849 0.545151 0.000000 0.000000 0.000000 0.000000 0.000000 0.000000 
0.357860 0.000000 0.000000 0.000000 0.421405 0.578595 0.000000 0.000000 0.000000 0.000000 0.000000 0.000000 
0.361204 0.000000 0.000000 0.000000 0.387960 0.612040 0.000000 0.000000 0.000000 0.000000 0.000000 0.000000 
0.364548 0.000000 0.000000 0.000000 0.354515 0.645485 0.000000 0.000000 0.000000 0.000000 0.000000 0.000000 
0.367893 0.000000 0.000000 0.000000 0.321070 0.678930 0.000000 0.000000 0.000000 0.000000 0.000000 0.000000 
0.371237 0.000000 0.000000 0.000000 0.287625 0.712375 0.000000 0.000000 0.000000 0.000000 0.000000 0.000000 
0.374582 0.000000 0.000000 0.000000 0.254181 0.745819 0.000000 0.000000 0.000000 0.000000 0.000000 0.000000 
0.377926 0.000000 0.000000 0.000000 0.220736 0.779264 0.000000 0.000000 0.000000 0.000000 0.000000 0.000000 
0.381271 0.000000 0.000000 0.000000 0.187291 0.812709 0.000000 0.000000 0.000000 0.000000 0.000000 0.000000 
0.384615 0.000000 0.000000 0.000000 0.153846 0.846154 0.000000 0.000000 0.000000 0.000000 0.000000 0.000000 
0.387960 0.000000 0.000000 0.000000 0.120401 0.879599 0.000000 0.000000 0.000000 0.000000 0.000000 0.000000 
0.391304 0.000000 0.000000 0.000000 0.086957 0.913043 0.000000 0.000000 0.000000 0.000000 0.000000 0.000000 
0.394649 0.000000 0.000000 0.000000 0.053512 0.946488 0.000000 0.000000 0.000000 0.000000 0.000000 0.000000 
0.397993 0.000000 0.000000 0.000000 0.020067 0.979933 0.000000 0.000000 0.000000 0.000000 0.000000 0.000000 
0.401338 0.000000 0.000000 0.000000 0.000000 0.986622 0.013378 0.000000 0.000000 0.000000 0.000000 0.000000 
0.404682 0.000000 0.000000 0.000000 0.000000 0.953177 0.046823 0.000000 0.000000 0.000000 0.000000 0.000000 
0.408027 0.000000 0.000000 0.000000 0.000000 0.919732 0.080268 0.000000 0.000000 0.000000 0.000000 0.000000 
0.411371 0.000000 0.000000 0.000000 0.000000 0.886288 0.113712 0.000000 0.000000 0.000000 0.000000 0.000000 
0.414716 0.000000 0.000000 0.000000 0.000000 0.852843 0.147157 0.000000 0.000000 0.000000 0.000000 0.000000 
0.418060 0.000000 0.000000 0.000000 0.000000 0.819398 0.180602 0.000000 0.000000 0.000000 0.000000 0.000000 
0.421405 0.000000 0.000000 0.000000 0.000000 0.785953 0.214047 0.000000 0.000000 0.000000 0.000000 0.000000 
0.424749 0.000000 0.000000 0.000000 0.000000 0.752508 0.247492 0.000000 0.000000 0.000000 0.000000 0.000000 
0.428094 0.000000 0.000000 0.000000 0.000000 0.719064 0.280936 0.000000 0.000000 0.000000 0.000000 0.000000 
0.431438 0.000000 0.000000 0.000000 0.000000 0.685619 0.314381 0.000000 0.000000 0.000000 0.000000 0.000000 
0.434783 0.000000 0.000000 0.000000 0.000000 0.652174 0.347826 0.000000 0.000000 0.000000 0.000000 0.000000 
0.438127 0.000000 0.000000 0.000000 0.000000 0.618729 0.381271 0.000000 0.000000 0.000000 0.000000 0.000000 
0.441472 0.000000 0.000000 0.000000 0.000000 0.585284 0.414716 0.000000 0.000000 0.000000 0.000000 0.000000 
0.444816 0.000000 0.000000 0.000000 0.000000 0.551839 0.448161 0.000000 0.000000 0.000000 0.000000 0.000000 
0.448161 0.000000 0.000000 0.000000 0.000000 0.518395 0.481605 0.000000 0.000000 0.000000 0.000000 0.000000 
0.451505 0.000000 0.000000 0.000000 0.000000 0.484950 0.515050 0.000000 0.000000 0.000000 0.000000 0.000000 
0.454849 0.000000 0.000000 0.000000 0.000000 0.451505 0.548495 0.000000 0.000000 0.000000 0.000000 0.000000 
0.458194 0.000000 0.000000 0.000000 0.000000 0.418060 0.581940 0.000000 0.000000 0.000000 0.000000 0.000000 
0.461538 0.000000 0.000000 0.000000 0.000000 0.384615 0.615385 0.000000 0.000000 0.000000 0.000000 0.000000 
0.464883 0.000000 0.000000 0.000000 0.000000 0.351171 0.648829 0.000000 0.000000 0.000000 0.000000 0.000000 
0.468227 0.000000 0.000000 0.000000 0.000000 0.317726 0.682274 0.000000 0.000000 0.000000 0.000000 0.000000 
0.471572 0.000000 0.000000 0.000000 0.000000 0.284281 0.715719 0.000000 0.000000 0.000000 0.000000 0.000000 
0.474916 0.000000 0.000000 0.000000 0.000000 0.250836 0.749164 0.000000 0.000000 0.000000 0.000000 0.000000 
0.478261 0.000000 0.000000 0.000000 0.000000 0.217391 0.782609 0.000000 0.000000 0.000000 0.000000 0.000000 
0.481605 0.000000 0.000000 0.000000 0.000000 0.183946 0.816054 0.000000 0.000000 0.000000 0.000000 0.000000 
0.484950 0.000000 0.000000 0.000000 0.000000 0.150502 0.849498 0.000000 0.000000 0.000000 0.000000 0.000000 
0.488294 0.000000 0.000000 0.000000 0.000000 0.117057 0.882943 0.000000 0.000000 0.000000 0.000000 0.000000 
0.491639 0.000000 0.000000 0.000000 0.000000 0.083612 0.916388 0.000000 0.000000 0.000000 0.000000 0.000000 
0.494983 0.000000 0.000000 0.000000 0.000000 0.050167 0.949833 0.000000 0.000000 0.000000 0.000000 0.000000 
0.498328 0.000000 0.000000 0.000000 0.000000 0.016722 0.983278 0.000000 0.000000 0.000000 0.000000 0.000000 
0.501672 0.000000 0.000000 0.000000 0.000000 0.000000 0.983278 0.016722 0.000000 0.000000 0.000000 0.000000 
0.505017 0.000000 0.000000 0.000000 0.000000 0.000000 0.949833 0.050167 0.000000 0.000000 0.000000 0.000000 
0.508361 0.000000 0.000000 0.000000 0.000000 0.000000 0.916388 0.083612 0.000000 0.000000 0.000000 0.000000 
0.511706 0.000000 0.000000 0.000000 0.000000 0.000000 0.882943 0.117057 0.000000 0.000000 0.000000 0.000000 
0.515050 0.000000 0.000000 0.000000 0.000000 0.000000 0.849498 0.150502 0.000000 0.000000 0.000000 0.000000 
0.518395 0.000000 0.000000 0.000000 0.000000 0.000000 0.816054 0.183946 0.000000 0.000000 0.000000 0.000000 
0.521739 0.000000 0.000000 0.000000 0.000000 0.000000 0.782609 0.217391 0.000000 0.000000 0.000000 0.000000 
0.525084 0.000000 0.000000 0.000000 0.000000 0.000000 0.749164 0.250836 0.000000 0.000000 0.000000 0.000000 
0.528428 0.000000 0.000000 0.000000 0.000000 0.000000 0.715719 0.284281 0.000000 0.000000 0.000000 0.000000 
0.531773 0.000000 0.000000 0.000000 0.000000 0.000000 0.682274 0.317726 0.000000 0.000000 0.000000 0.000000 
0.535117 0.000000 0.000000 0.000000 0.000000 0.000000 0.648829 0.351171 0.000000 0.000000 0.000000 0.000000 
0.538462 0.000000 0.000000 0.000000 0.000000 0.000000 0.615385 0.384615 0.000000 0.000000 0.000000 0.000000 
0.541806 0.000000 0.000000 0.000000 0.000000 0.000000 0.581940 0.418060 0.000000 0.000000 0.000000 0.000000 
0.545151 0.000000 0.000000 0.000000 0.000000 0.000000 0.548495 0.451505 0.000000 0.000000 0.000000 0.000000 
0.548495 0.000000 0.000000 0.000000 0.000000 0.000000 0.515050 0.484950 0.000000 0.000000 0.000000 0.000000 
0.551839 0.000000 0.000000 0.000000 0.000000 0.000000 0.481605 0.518395 0.000000 0.000000 0.000000 0.000000 
0.555184 0.000000 0.000000 0.000000 0.000000 0.000000 0.448161 0.551839 0.000000 0.000000 0.000000 0.000000 
0.558528 0.000000 0.000000 0.000000 0.000000 0.000000 0.414716 0.585284 0.000000 0.000000 0.000000 0.000000 
0.561873 0.000000 0.000000 0.000000 0.000000 0.000000 0.381271 0.618729 0.000000 0.000000 0.000000 0.000000 
0.565217 0.000000 0.000000 0.000000 0.000000 0.000000 0.347826 0.652174 0.000000 0.000000 0.000000 0.000000 
0.568562 0.000000 0.000000 0.000000 0.000000 0.000000 0.314381 0.685619 0.000000 0.000000 0.000000 0.000000 
0.571906 0.000000 0.000000 0.000000 0.000000 0.000000 0.280936 0.719064 0.000000 0.000000 0.000000 0.000000 
0.575251 0.000000 0.000000 0.000000 0.000000 0.000000 0.247492 0.752508 0.000000 0.000000 0.000000 0.000000 
0.578595 0.000000 0.000000 0.000000 0.000000 0.000000 0.214047 0.785953 0.000000 0.000000 0.000000 0.000000 
0.581940 0.000000 0.000000 0.000000 0.000000 0.000000 0.180602 0.819398 0.000000 0.000000 0.000000 0.000000 
0.585284 0.000000 0.000000 0.000000 0.000000 0.000000 0.147157 0.852843 0.000000 0.000000 0.000000 0.000000 
0.588629 0.000000 0.000000 0.000000 0.000000 0.000000 0.113712 0.886288 0.000000 0.000000 0.000000 0.000000 
0.591973 0.000000 0.000000 0.000000 0.000000 0.000000 0.080268 0.919732 0.000000 0.000000 0.000000 0.000000 
0.595318 0.000000 0.000000 0.000000 0.000000 0.000000 0.046823 0.953177 0.000000 0.000000 0.000000 0.000000 
0.598662 0.000000 0.000000 0.000000 0.000000 0.000000 0.013378 0.986622 0.000000 0.000000 0.000000 0.000000 
0.602007 0.000000 0.000000 0.000000 0.000000 0.000000 0.000000 0.979933 0.020067 0.000000 0.000000 0.000000 
0.605351 0.000000 0.000000 0.000000 0.000000 0.000000 0.000000 0.946488 0.053512 0.000000 0.000000 0.000000 
0.608696 0.000000 0.000000 0.000000 0.000000 0.000000 0.000000 0.913043 0.086957 0.000000 0.000000 0.000000 
0.612040 0.000000 0.000000 0.000000 0.000000 0.000000 0.000000 0.879599 0.120401 0.000000 0.000000 0.000000 
0.615385 0.000000 0.000000 0.000000 0.000000 0.000000 0.000000 0.846154 0.153846 0.000000 0.000000 0.000000 
0.618729 0.000000 0.000000 0.000000 0.000000 0.000000 0.000000 0.812709 0.187291 0.000000 0.000000 0.000000 
0.622074 0.000000 0.000000 0.000000 0.000000 0.000000 0.000000 0.779264 0.220736 0.000000 0.000000 0.000000 
0.625418 0.000000 0.000000 0.000000 0.000000 0.000000 0.000000 0.745819 0.254181 0.000000 0.000000 0.000000 
0.628763 0.000000 0.000000 0.000000 0.000000 0.000000 0.000000 0.712375 0.287625 0.000000 0.000000 0.000000 
0.632107 0.000000 0.000000 0.000000 0.000000 0.000000 0.000000 0.678930 0.321070 0.000000 0.000000 0.000000 
0.635452 0.000000 0.000000 0.000000 0.000000 0.000000 0.000000 0.645485 0.354515 0.000000 0.000000 0.000000 
0.638796 0.000000 0.000000 0.000000 0.000000 0.000000 0.000000 0.612040 0.387960 0.000000 0.000000 0.000000 
0.642140 0.000000 0.000000 0.000000 0.000000 0.000000 0.000000 0.578595 0.421405 0.000000 0.000000 0.000000 
0.645485 0.000000 0.000000 0.000000 0.000000 0.000000 0.000000 0.545151 0.454849 0.000000 0.000000 0.000000 
0.648829 0.000000 0.000000 0.000000 0.000000 0.000000 0.000000 0.511706 0.488294 0.000000 0.000000 0.000000 
0.652174 0.000000 0.000000 0.000000 0.000000 0.000000 0.000000 0.478261 0.521739 0.000000 0.000000 0.000000 
0.655518 0.000000 0.000000 0.000000 0.000000 0.000000 0.000000 0.444816 0.555184 0.000000 0.000000 0.000000 
0.658863 0.000000 0.000000 0.000000 0.000000 0.000000 0.000000 0.411371 0.588629 0.000000 0.000000 0.000000 
0.662207 0.000000 0.000000 0.000000 0.000000 0.000000 0.000000 0.377926 0.622074 0.000000 0.000000 0.000000 
0.665552 0.000000 0.000000 0.000000 0.000000 0.000000 0.000000 0.344482 0.655518 0.000000 0.000000 0.000000 
0.668896 0.000000 0.000000 0.000000 0.000000 0.000000 0.000000 0.311037 0.688963 0.000000 0.000000 0.000000 
0.672241 0.000000 0.000000 0.000000 0.000000 0.000000 0.000000 0.277592 0.722408 0.000000 0.000000 0.000000 
0.675585 0.000000 0.000000 0.000000 0.000000 0.000000 0.000000 0.244147 0.755853 0.000000 0.000000 0.000000 
0.678930 0.000000 0.000000 0.000000 0.000000 0.000000 0.000000 0.210702 0.789298 0.000000 0.000000 0.000000 
0.682274 0.000000 0.000000 0.000000 0.000000 0.000000 0.000000 0.177258 0.822742 0.000000 0.000000 0.000000 
0.685619 0.000000 0.000000 0.000000 0.000000 0.000000 0.000000 0.143813 0.856187 0.000000 0.000000 0.000000 
0.688963 0.000000 0.000000 0.000000 0.000000 0.000000 0.000000 0.110368 0.889632 0.000000 0.000000 0.000000 
0.692308 0.000000 0.000000 0.000000 0.000000 0.000000 0.000000 0.076923 0.923077 0.000000 0.000000 0.000000 
0.695652 0.000000 0.000000 0.000000 0.000000 0.000000 0.000000 0.043478 0.956522 0.000000 0.000000 0.000000 
0.698997 0.000000 0.000000 0.000000 0.000000 0.000000 0.000000 0.010033 0.989967 0.000000 0.000000 0.000000 
0.702341 0.000000 0.000000 0.000000 0.000000 0.000000 0.000000 0.000000 0.976589 0.023411 0.000000 0.000000 
0.705686 0.000000 0.000000 0.000000 0.000000 0.000000 0.000000 0.000000 0.943144 0.056856 0.000000 0.000000 
0.709030 0.000000 0.000000 0.000000 0.000000 0.000000 0.000000 0.000000 0.909699 0.090301 0.000000 0.000000 
0.712375 0.000000 0.000000 0.000000 0.000000 0.000000 0.000000 0.000000 0.876254 0.123746 0.000000 0.000000 
0.715719 0.000000 0.000000 0.000000 0.000000 0.000000 0.000000 0.000000 0.842809 0.157191 0.000000 0.000000 
0.719064 0.000000 0.000000 0.000000 0.000000 0.000000 0.000000 0.000000 0.809365 0.190635 0.000000 0.000000 
0.722408 0.000000 0.000000 0.000000 0.000000 0.000000 0.000000 0.000000 0.775920 0.224080 0.000000 0.000000 
0.725753 0.000000 0.000000 0.000000 0.000000 0.000000 0.000000 0.000000 0.742475 0.257525 0.000000 0.000000 
0.729097 0.000000 0.000000 0.000000 0.000000 0.000000 0.000000 0.000000 0.709030 0.290970 0.000000 0.000000 
0.732441 0.000000 0.000000 0.000000 0.000000 0.000000 0.000000 0.000000 0.675585 0.324415 0.000000 0.000000 
0.735786 0.000000 0.000000 0.000000 0.000000 0.000000 0.000000 0.000000 0.642140 0.357860 0.000000 0.000000 
0.739130 0.000000 0.000000 0.000000 0.000000 0.000000 0.000000 0.000000 0.608696 0.391304 0.000000 0.000000 
0.742475 0.000000 0.000000 0.000000 0.000000 0.000000 0.000000 0.000000 0.575251 0.424749 0.000000 0.000000 
0.745819 0.000000 0.000000 0.000000 0.000000 0.000000 0.000000 0.000000 0.541806 0.458194 0.000000 0.000000 
0.749164 0.000000 0.000000 0.000000 0.000000 0.000000 0.000000 0.000000 0.508361 0.491639 0.000000 0.000000 
0.752508 0.000000 0.000000 0.000000 0.000000 0.000000 0.000000 0.000000 0.474916 0.525084 0.000000 0.000000 
0.755853 0.000000 0.000000 0.000000 0.000000 0.000000 0.000000 0.000000 0.441472 0.558528 0.000000 0.000000 
0.759197 0.000000 0.000000 0.000000 0.000000 0.000000 0.000000 0.000000 0.408027 0.591973 0.000000 0.000000 
0.762542 0.000000 0.000000 0.000000 0.000000 0.000000 0.000000 0.000000 0.374582 0.625418 0.000000 0.000000 
0.765886 0.000000 0.000000 0.000000 0.000000 0.000000 0.000000 0.000000 0.341137 0.658863 0.000000 0.000000 
0.769231 0.000000 0.000000 0.000000 0.000000 0.000000 0.000000 0.000000 0.307692 0.692308 0.000000 0.000000 
0.772575 0.000000 0.000000 0.000000 0.000000 0.000000 0.000000 0.000000 0.274247 0.725753 0.000000 0.000000 
0.775920 0.000000 0.000000 0.000000 0.000000 0.000000 0.000000 0.000000 0.240803 0.759197 0.000000 0.000000 
0.779264 0.000000 0.000000 0.000000 0.000000 0.000000 0.000000 0.000000 0.207358 0.792642 0.000000 0.000000 
0.782609 0.000000 0.000000 0.000000 0.000000 0.000000 0.000000 0.000000 0.173913 0.826087 0.000000 0.000000 
0.785953 0.000000 0.000000 0.000000 0.000000 0.000000 0.000000 0.000000 0.140468 0.859532 0.000000 0.000000 
0.789298 0.000000 0.000000 0.000000 0.000000 0.000000 0.000000 0.000000 0.107023 0.892977 0.000000 0.000000 
0.792642 0.000000 0.000000 0.000000 0.000000 0.000000 0.000000 0.000000 0.073579 0.926421 0.000000 0.000000 
0.795987 0.000000 0.000000 0.000000 0.000000 0.000000 0.000000 0.000000 0.040134 0.959866 0.000000 0.000000 
0.799331 0.000000 0.000000 0.000000 0.000000 0.000000 0.000000 0.000000 0.006689 0.993311 0.000000 0.000000 
0.802676 0.000000 0.000000 0.000000 0.000000 0.000000 0.000000 0.000000 0.000000 0.973244 0.026756 0.000000 
0.806020 0.000000 0.000000 0.000000 0.000000 0.000000 0.000000 0.000000 0.000000 0.939799 0.060201 0.000000 
0.809365 0.000000 0.000000 0.000000 0.000000 0.000000 0.000000 0.000000 0.000000 0.906355 0.093645 0.000000 
0.812709 0.000000 0.000000 0.000000 0.000000 0.000000 0.000000 0.000000 0.000000 0.872910 0.127090 0.000000 
0.816054 0.000000 0.000000 0.000000 0.000000 0.000000 0.000000 0.000000 0.000000 0.839465 0.160535 0.000000 
0.819398 0.000000 0.000000 0.000000 0.000000 0.000000 0.000000 0.000000 0.000000 0.806020 0.193980 0.000000 
0.822742 0.000000 0.000000 0.000000 0.000000 0.000000 0.000000 0.000000 0.000000 0.772575 0.227425 0.000000 
0.826087 0.000000 0.000000 0.000000 0.000000 0.000000 0.000000 0.000000 0.000000 0.739130 0.260870 0.000000 
0.829431 0.000000 0.000000 0.000000 0.000000 0.000000 0.000000 0.000000 0.000000 0.705686 0.294314 0.000000 
0.832776 0.000000 0.000000 0.000000 0.000000 0.000000 0.000000 0.000000 0.000000 0.672241 0.327759 0.000000 
0.836120 0.000000 0.000000 0.000000 0.000000 0.000000 0.000000 0.000000 0.000000 0.638796 0.361204 0.000000 
0.839465 0.000000 0.000000 0.000000 0.000000 0.000000 0.000000 0.000000 0.000000 0.605351 0.394649 0.000000 
0.842809 0.000000 0.000000 0.000000 0.000000 0.000000 0.000000 0.000000 0.000000 0.571906 0.428094 0.000000 
0.846154 0.000000 0.000000 0.000000 0.000000 0.000000 0.000000 0.000000 0.000000 0.538462 0.461538 0.000000 
0.849498 0.000000 0.000000 0.000000 0.000000 0.000000 0.000000 0.000000 0.000000 0.505017 0.494983 0.000000 
0.852843 0.000000 0.000000 0.000000 0.000000 0.000000 0.000000 0.000000 0.000000 0.471572 0.528428 0.000000 
0.856187 0.000000 0.000000 0.000000 0.000000 0.000000 0.000000 0.000000 0.000000 0.438127 0.561873 0.000000 
0.859532 0.000000 0.000000 0.000000 0.000000 0.000000 0.000000 0.000000 0.000000 0.404682 0.595318 0.000000 
0.862876 0.000000 0.000000 0.000000 0.000000 0.000000 0.000000 0.000000 0.000000 0.371237 0.628763 0.000000 
0.866221 0.000000 0.000000 0.000000 0.000000 0.000000 0.000000 0.000000 0.000000 0.337793 0.662207 0.000000 
0.869565 0.000000 0.000000 0.000000 0.000000 0.000000 0.000000 0.000000 0.000000 0.304348 0.695652 0.000000 
0.872910 0.000000 0.000000 0.000000 0.000000 0.000000 0.000000 0.000000 0.000000 0.270903 0.729097 0.000000 
0.876254 0.000000 0.000000 0.000000 0.000000 0.000000 0.000000 0.000000 0.000000 0.237458 0.762542 0.000000 
0.879599 0.000000 0.000000 0.000000 0.000000 0.000000 0.000000 0.000000 0.000000 0.204013 0.795987 0.000000 
0.882943 0.000000 0.000000 0.000000 0.000000 0.000000 0.000000 0.000000 0.000000 0.170569 0.829431 0.000000 
0.886288 0.000000 0.000000 0.000000 0.000000 0.000000 0.000000 0.000000 0.000000 0.137124 0.862876 0.000000 
0.889632 0.000000 0.000000 0.000000 0.000000 0.000000 0.000000 0.000000 0.000000 0.103679 0.896321 0.000000 
0.892977 0.000000 0.000000 0.000000 0.000000 0.000000 0.000000 0.000000 0.000000 0.070234 0.929766 0.000000 
0.896321 0.000000 0.000000 0.000000 0.000000 0.000000 0.000000 0.000000 0.000000 0.036789 0.963211 0.000000 
0.899666 0.000000 0.000000 0.000000 0.000000 0.000000 0.000000 0.000000 0.000000 0.003344 0.996656 0.000000 
0.903010 0.000000 0.000000 0.000000 0.000000 0.000000 0.000000 0.000000 0.000000 0.000000 0.969900 0.030100 
0.906355 0.000000 0.000000 0.000000 0.000000 0.000000 0.000000 0.000000 0.000000 0.000000 0.936455 0.063545 
0.909699 0.000000 0.000000 0.000000 0.000000 0.000000 0.000000 0.000000 0.000000 0.000000 0.903010 0.096990 
0.913043 0.000000 0.000000 0.000000 0.000000 0.000000 0.000000 0.000000 0.000000 0.000000 0.869565 0.130435 
0.916388 0.000000 0.000000 0.000000 0.000000 0.000000 0.000000 0.000000 0.000000 0.000000 0.836120 0.163880 
0.919732 0.000000 0.000000 0.000000 0.000000 0.000000 0.000000 0.000000 0.000000 0.000000 0.802676 0.197324 
0.923077 0.000000 0.000000 0.000000 0.000000 0.000000 0.000000 0.000000 0.000000 0.000000 0.769231 0.230769 
0.926421 0.000000 0.000000 0.000000 0.000000 0.000000 0.000000 0.000000 0.000000 0.000000 0.735786 0.264214 
0.929766 0.000000 0.000000 0.000000 0.000000 0.000000 0.000000 0.000000 0.000000 0.000000 0.702341 0.297659 
0.933110 0.000000 0.000000 0.000000 0.000000 0.000000 0.000000 0.000000 0.000000 0.000000 0.668896 0.331104 
0.936455 0.000000 0.000000 0.000000 0.000000 0.000000 0.000000 0.000000 0.000000 0.000000 0.635452 0.364548 
0.939799 0.000000 0.000000 0.000000 0.000000 0.000000 0.000000 0.000000 0.000000 0.000000 0.602007 0.397993 
0.943144 0.000000 0.000000 0.000000 0.000000 0.000000 0.000000 0.000000 0.000000 0.000000 0.568562 0.431438 
0.946488 0.000000 0.000000 0.000000 0.000000 0.000000 0.000000 0.000000 0.000000 0.000000 0.535117 0.464883 
0.949833 0.000000 0.000000 0.000000 0.000000 0.000000 0.000000 0.000000 0.000000 0.000000 0.501672 0.498328 
0.953177 0.000000 0.000000 0.000000 0.000000 0.000000 0.000000 0.000000 0.000000 0.000000 0.468227 0.531773 
0.956522 0.000000 0.000000 0.000000 0.000000 0.000000 0.000000 0.000000 0.000000 0.000000 0.434783 0.565217 
0.959866 0.000000 0.000000 0.000000 0.000000 0.000000 0.000000 0.000000 0.000000 0.000000 0.401338 0.598662 
0.963211 0.000000 0.000000 0.000000 0.000000 0.000000 0.000000 0.000000 0.000000 0.000000 0.367893 0.632107 
0.966555 0.000000 0.000000 0.000000 0.000000 0.000000 0.000000 0.000000 0.000000 0.000000 0.334448 0.665552 
0.969900 0.000000 0.000000 0.000000 0.000000 0.000000 0.000000 0.000000 0.000000 0.000000 0.301003 0.698997 
0.973244 0.000000 0.000000 0.000000 0.000000 0.000000 0.000000 0.000000 0.000000 0.000000 0.267559 0.732441 
0.976589 0.000000 0.000000 0.000000 0.000000 0.000000 0.000000 0.000000 0.000000 0.000000 0.234114 0.765886 
0.979933 0.000000 0.000000 0.000000 0.000000 0.000000 0.000000 0.000000 0.000000 0.000000 0.200669 0.799331 
0.983278 0.000000 0.000000 0.000000 0.000000 0.000000 0.000000 0.000000 0.000000 0.000000 0.167224 0.832776 
0.986622 0.000000 0.000000 0.000000 0.000000 0.000000 0.000000 0.000000 0.000000 0.000000 0.133779 0.866221 
0.989967 0.000000 0.000000 0.000000 0.000000 0.000000 0.000000 0.000000 0.000000 0.000000 0.100334 0.899666 
0.993311 0.000000 0.000000 0.000000 0.000000 0.000000 0.000000 0.000000 0.000000 0.000000 0.066890 0.933110 
0.996656 0.000000 0.000000 0.000000 0.000000 0.000000 0.000000 0.000000 0.000000 0.000000 0.033445 0.966555 
1.000000 0.000000 0.000000 0.000000 0.000000 0.000000 0.000000 0.000000 0.000000 0.000000 0.000000 1.000000 


0.000000 1.000000 0.000000 0.000000 0.000000 0.000000 0.000000 0.000000 0.000000 0.000000 0.000000 0.000000 0.000000 
0.003344 0.934229 0.065212 0.000559 0.000000 0.000000 0.000000 0.000000 0.000000 0.000000 0.000000 0.000000 0.000000 
0.006689 0.870695 0.127068 0.002237 0.000000 0.000000 0.000000 0.000000 0.000000 0.000000 0.000000 0.000000 0.000000 
0.010033 0.809398 0.185568 0.005034 0.000000 0.000000 0.000000 0.000000 0.000000 0.000000 0.000000 0.000000 0.000000 
0.013378 0.750338 0.240713 0.008948 0.000000 0.000000 0.000000 0.000000 0.000000 0.000000 0.000000 0.000000 0.000000 
0.016722 0.693516 0.292502 0.013982 0.000000 0.000000 0.000000 0.000000 0.000000 0.000000 0.000000 0.000000 0.000000 
0.020067 0.638930 0.340936 0.020134 0.000000 0.000000 0.000000 0.000000 0.000000 0.000000 0.000000 0.000000 0.000000 
0.023411 0.586582 0.386014 0.027405 0.000000 0.000000 0.000000 0.000000 0.000000 0.000000 0.000000 0.000000 0.000000 
0.026756 0.536471 0.427736 0.035794 0.000000 0.000000 0.000000 0.000000 0.000000 0.000000 0.000000 0.000000 0.000000 
0.030100 0.488596 0.466102 0.045302 0.000000 0.000000 0.000000 0.000000 0.000000 0.000000 0.000000 0.000000 0.000000 
0.033445 0.442959 0.501113 0.055928 0.000000 0.000000 0.000000 0.000000 0.000000 0.000000 0.000000 0.000000 0.000000 
0.036789 0.399559 0.532768 0.067673 0.000000 0.000000 0.000000 0.000000 0.000000 0.000000 0.000000 0.000000 0.000000 
0.040134 0.358396 0.561068 0.080536 0.000000 0.000000 0.000000 0.000000 0.000000 0.000000 0.000000 0.000000 0.000000 
0.043478 0.319471 0.586011 0.094518 0.000000 0.000000 0.000000 0.000000 0.000000 0.000000 0.000000 0.000000 0.000000 
0.046823 0.282782 0.607599 0.109618 0.000000 0.000000 0.000000 0.000000 0.000000 0.000000 0.000000 0.000000 0.000000 
0.050167 0.248331 0.625832 0.125838 0.000000 0.000000 0.000000 0.000000 0.000000 0.000000 0.000000 0.000000 0.000000 
0.053512 0.216116 0.640709 0.143175 0.000000 0.000000 0.000000 0.000000 0.000000 0.000000 0.000000 0.000000 0.000000 
0.056856 0.186139 0.652230 0.161631 0.000000 0.000000 0.000000 0.000000 0.000000 0.000000 0.000000 0.000000 0.000000 
0.060201 0.158399 0.660395 0.181206 0.000000 0.000000 0.000000 0.000000 0.000000 0.000000 0.000000 0.000000 0.000000 
0.063545 0.132896 0.665205 0.201899 0.000000 0.000000 0.000000 0.000000 0.000000 0.000000 0.000000 0.000000 0.000000 
0.066890 0.109630 0.666659 0.223711 0.000000 0.000000 0.000000 0.000000 0.000000 0.000000 0.000000 0.000000 0.000000 
0.070234 0.088601 0.664758 0.246642 0.000000 0.000000 0.000000 0.000000 0.000000 0.000000 0.000000 0.000000 0.000000 
0.073579 0.069809 0.659500 0.270690 0.000000 0.000000 0.000000 0.000000 0.000000 0.000000 0.000000 0.000000 0.000000 
0.076923 0.053254 0.650888 0.295858 0.000000 0.000000 0.000000 0.000000 0.000000 0.000000 0.000000 0.000000 0.000000 
0.080268 0.038937 0.638919 0.322144 0.000000 0.000000 0.000000 0.000000 0.000000 0.000000 0.000000 0.000000 0.000000 
0.083612 0.026857 0.623595 0.349549 0.000000 0.000000 0.000000 0.000000 0.000000 0.000000 0.000000 0.000000 0.000000 
0.086957 0.017013 0.604915 0.378072 0.000000 0.000000 0.000000 0.000000 0.000000 0.000000 0.000000 0.000000 0.000000 
0.090301 0.009407 0.582879 0.407714 0.000000 0.000000 0.000000 0.000000 0.000000 0.000000 0.000000 0.000000 0.000000 
0.093645 0.004038 0.557488 0.438474 0.000000 0.000000 0.000000 0.000000 0.000000 0.000000 0.000000 0.000000 0.000000 
0.096990 0.000906 0.528741 0.470353 0.000000 0.000000 0.000000 0.000000 0.000000 0.000000 0.000000 0.000000 0.000000 
0.100334 0.000000 0.496661 0.503333 0.000006 0.000000 0.000000 0.000000 0.000000 0.000000 0.000000 0.000000 0.000000 
0.103679 0.000000 0.463887 0.535436 0.000677 0.000000 0.000000 0.000000 0.000000 0.000000 0.000000 0.000000 0.000000 
0.107023 0.000000 0.432232 0.565301 0.002466 0.000000 0.000000 0.000000 0.000000 0.000000 0.000000 0.000000 0.000000 
0.110368 0.000000 0.401696 0.592930 0.005375 0.000000 0.000000 0.000000 0.000000 0.000000 0.000000 0.000000 0.000000 
0.113712 0.000000 0.372278 0.618321 0.009401 0.000000 0.000000 0.000000 0.000000 0.000000 0.000000 0.000000 0.000000 
0.117057 0.000000 0.343978 0.641475 0.014547 0.000000 0.000000 0.000000 0.000000 0.000000 0.000000 0.000000 0.000000 
0.120401 0.000000 0.316797 0.662392 0.020811 0.000000 0.000000 0.000000 0.000000 0.000000 0.000000 0.000000 0.000000 
0.123746 0.000000 0.290735 0.681072 0.028193 0.000000 0.000000 0.000000 0.000000 0.000000 0.000000 0.000000 0.000000 
0.127090 0.000000 0.265791 0.697515 0.036694 0.000000 0.000000 0.000000 0.000000 0.000000 0.000000 0.000000 0.000000 
0.130435 0.000000 0.241966 0.711720 0.046314 0.000000 0.000000 0.000000 0.000000 0.000000 0.000000 0.000000 0.000000 
0.133779 0.000000 0.219259 0.723689 0.057052 0.000000 0.000000 0.000000 0.000000 0.000000 0.000000 0.000000 0.000000 
0.137124 0.000000 0.197671 0.733420 0.068909 0.000000 0.000000 0.000000 0.000000 0.000000 0.000000 0.000000 0.000000 
0.140468 0.000000 0.177202 0.740915 0.081884 0.000000 0.000000 0.000000 0.000000 0.000000 0.000000 0.000000 0.000000 
0.143813 0.000000 0.157851 0.746172 0.095978 0.000000 0.000000 0.000000 0.000000 0.000000 0.000000 0.000000 0.000000 
0.147157 0.000000 0.139618 0.749192 0.111190 0.000000 0.000000 0.000000 0.000000 0.000000 0.000000 0.000000 0.000000 
0.150502 0.000000 0.122504 0.749975 0.127521 0.000000 0.000000 0.000000 0.000000 0.000000 0.000000 0.000000 0.000000 
0.153846 0.000000 0.106509 0.748521 0.144970 0.000000 0.000000 0.000000 0.000000 0.000000 0.000000 0.000000 0.000000 
0.157191 0.000000 0.091632 0.744829 0.163538 0.000000 0.000000 0.000000 0.000000 0.000000 0.000000 0.000000 0.000000 
0.160535 0.000000 0.077874 0.738901 0.183225 0.000000 0.000000 0.000000 0.000000 0.000000 0.000000 0.000000 0.000000 
0.163880 0.000000 0.065234 0.730736 0.204030 0.000000 0.000000 0.000000 0.000000 0.000000 0.000000 0.000000 0.000000 
0.167224 0.000000 0.053713 0.720333 0.225954 0.000000 0.000000 0.000000 0.000000 0.000000 0.000000 0.000000 0.000000 
0.170569 0.000000 0.043310 0.707693 0.248996 0.000000 0.000000 0.000000 0.000000 0.000000 0.000000 0.000000 0.000000 
0.173913 0.000000 0.034026 0.692817 0.273157 0.000000 0.000000 0.000000 0.000000 0.000000 0.000000 0.000000 0.000000 
0.177258 0.000000 0.025861 0.675703 0.298436 0.000000 0.000000 0.000000 0.000000 0.000000 0.000000 0.000000 0.000000 
0.180602 0.000000 0.018814 0.656352 0.324834 0.000000 0.000000 0.000000 0.000000 0.000000 0.000000 0.000000 0.000000 
0.183946 0.000000 0.012886 0.634764 0.352351 0.000000 0.000000 0.000000 0.000000 0.000000 0.000000 0.000000 0.000000 
0.187291 0.000000 0.008076 0.610938 0.380986 0.000000 0.000000 0.000000 0.000000 0.000000 0.000000 0.000000 0.000000 
0.190635 0.000000 0.004385 0.584876 0.410739 0.000000 0.000000 0.000000 0.000000 0.000000 0.000000 0.000000 0.000000 
0.193980 0.000000 0.001812 0.556577 0.441611 0.000000 0.000000 0.000000 0.000000 0.000000 0.000000 0.000000 0.000000 
0.197324 0.000000 0.000358 0.526040 0.473602 0.000000 0.000000 0.000000 0.000000 0.000000 0.000000 0.000000 0.000000 
0.200669 0.000000 0.000000 0.493333 0.506644 0.000022 0.000000 0.000000 0.000000 0.000000 0.000000 0.000000 0.000000 
