 f= 1.01010101010101010101011*2^-2
fd= 1.0101010101010101010101100000000000000000000000000000*2^-2
 d= 1.0101010101010101010101010101010101010101010101010101*2^-2
