m               = 10
intervals       = 5
result          =  47.468529694563351029
exact result    =  54.115231635459025483
actual error    = -6.646701940895674454
