J0(5.0) = -0.177596771314338264
exact   = -0.177596771314338292
